Ass-1: Digit Recognition using Logistic Regression
-------------------------------------------------------
Accuracy: 0.9722

Classification Report:
              precision    recall  f1-score   support

           0       1.00      1.00      1.00        36
           1       0.89      0.89      0.89        36
           2       1.00      1.00      1.00        35
           3       0.97      1.00      0.99        37
           4       0.97      1.00      0.99        36
           5       1.00      1.00      1.00        37
           6       1.00      0.97      0.99        36
           7       1.00      1.00      1.00        36
           8       0.89      0.89      0.89        35
           9       1.00      0.97      0.99        36

    accuracy                           0.97       360
   macro avg       0.97      0.97      0.97       360
weighted avg       0.97      0.97      0.97       360

Confusion Matrix:
[[36  0  0  0  0  0  0  0  0  0]
 [ 0 32  0  1  1  0  0  0  2  0]
 [ 0  0 35  0  0  0  0  0  0  0]
 [ 0  0  0 37  0  0  0  0  0  0]
 [ 0  0  0  0 36  0  0  0  0  0]
 [ 0  0  0  0  0 37  0  0  0  0]
 [ 0  0  0  0  0  0 35  0  1  0]
 [ 0  0  0  0  0  0  0 36  0  0]
 [ 0  4  0  0  0  0  0  0 31  0]
 [ 0  0  0  0  0  0  0  0  1 35]]